ISS (ZARYA)             
1 25544U 98067A   26170.83410215  .00008787  00000+0  16559-3 0  9998
2 25544  51.6328 286.9925 0004571 206.3215 153.7542 15.49322400572162
POISK                   
1 36086U 09060A   26170.83410215  .00008787  00000+0  16559-3 0  9996
2 36086  51.6328 286.9925 0004571 206.3215 153.7542 15.49322400571636
CSS (TIANHE)            
1 48274U 21035A   26170.72834613  .00019835  00000+0  23343-3 0  9999
2 48274  41.4696 306.5363 0007349  99.2772 260.8898 15.60907257293560
ISS (NAUKA)             
1 49044U 21066A   26170.83410215  .00008787  00000+0  16559-3 0  9994
2 49044  51.6328 286.9925 0004571 206.3215 153.7542 15.49322400571689
FREGAT DEB              
1 49271U 11037PF  26170.86525566  .00006273  00000+0  10826-1 0  9999
2 49271  51.6355 353.8561 0900592 288.1563  62.3334 12.42115278225383
CSS (WENTIAN)           
1 53239U 22085A   26170.72834613  .00019835  00000+0  23343-3 0  9992
2 53239  41.4696 306.5363 0007349  99.2772 260.8898 15.60907257288235
CSS (MENGTIAN)          
1 54216U 22143A   26170.72834613  .00019835  00000+0  23343-3 0  9993
2 54216  41.4696 306.5363 0007349  99.2772 260.8898 15.60907257293912
HRC MONOBLOCK CAMERA    
1 66052U 98067XR  26170.55036048  .00068429  00000+0  46435-3 0  9999
2 66052  51.6235 267.0322 0001896 312.4740  47.6099 15.74317900 38373
SZ-21 MODULE            
1 66515U 25246C   26170.62304187  .00039794  00000+0  24286-3 0  9995
2 66515  41.4730 292.1532 0005926   7.7871 352.3065 15.76588492 34129
SOYUZ-MS 28             
1 66664U 25275A   26170.83410215  .00008787  00000+0  16559-3 0  9997
2 66664  51.6328 286.9925 0004571 206.3215 153.7542 15.49322400571787
DUPLEX                  
1 66906U 98067XS  26170.48245936  .00033583  00000+0  37076-3 0  9991
2 66906  51.6282 277.8816 0003092 219.1818 140.8953 15.62737928 31011
ISS OBJECT XY           
1 66912U 98067XY  26170.47454933  .00593208  16926-3  10598-2 0  9998
2 66912  51.6155 261.8803 0011758 333.2317  26.8085 16.01029285 31211
KNACKSAT-2              
1 67683U 98067XZ  26170.59247606  .00040473  00000+0  49084-3 0  9990
2 67683  51.6307 282.3774 0008934 225.7617 134.2643 15.60167582 20658
CORAL                   
1 67684U 98067YA  26170.47807494  .00195376  00000+0  11309-2 0  9996
2 67684  51.6220 276.3117 0008771 271.8433  88.1562 15.77420141 20720
GXIBA-1                 
1 67685U 98067YB  26170.59224365  .00049351  00000+0  55977-3 0  9991
2 67685  51.6278 281.6206 0010015 224.2331 135.7863 15.61809367 20665
UITMSAT-2               
1 67686U 98067YC  26170.34352841  .00074622  00000+0  73913-3 0  9995
2 67686  51.6271 281.4583 0005344 219.5167 140.5439 15.65134468 20646
LEOPARD                 
1 67687U 98067YD  26170.68308358  .00046865  00000+0  54542-3 0  9992
2 67687  51.6303 281.4932 0005803 207.7967 152.2717 15.61203925 20592
HMU-SAT2                
1 67688U 98067YE  26170.59093790  .00058834  00000+0  62221-3 0  9996
2 67688  51.6279 280.8696 0005587 215.3981 144.6643 15.63572784 20592
CREW DRAGON 12          
1 67796U 26031A   26170.83410215  .00008787  00000+0  16559-3 0  9995
2 67796  51.6328 286.9925 0004571 206.3215 153.7542 15.49322400571942
PROGRESS-MS 33          
1 68319U 26058A   26170.83410215  .00008787  00000+0  16559-3 0  9996
2 68319  51.6328 286.9925 0004571 206.3215 153.7542 15.49322400571832
CYGNUS NG-24            
1 68689U 26079A   26170.83410215  .00008787  00000+0  16559-3 0  9999
2 68689  51.6328 286.9925 0004571 206.3215 153.7542 15.49322400572091
PROGRESS-MS 34          
1 68837U 26093A   26170.83410215  .00008787  00000+0  16559-3 0  9990
2 68837  51.6328 286.9925 0004571 206.3215 153.7542 15.49322400572142
TIANZHOU-10             
1 69049U 26102A   26170.72834613  .00019835  00000+0  23343-3 0  9992
2 69049  41.4696 306.5363 0007349  99.2772 260.8898 15.60907257  6228
SHENZHOU-23 (SZ-23)     
1 69180U 26113A   26170.72834613  .00019835  00000+0  23343-3 0  9990
2 69180  41.4696 306.5363 0007349  99.2772 260.8898 15.60907257293648
